3.094718    3.959231
2.874645    3.738230
2.630682    3.491934
2.362550    3.220747
2.090751    2.944573
1.822720    2.670667
1.558756    2.397775
1.303207    2.131302
1.062600    1.875668
0.844815    1.632120
0.663368    1.410439
0.516022    1.220302
0.408969    1.065152
0.329708    0.954871
0.276865    0.888005
0.234928    0.855161
0.201563    0.852245
0.182307    0.865352
0.176284    0.878285
0.174413    0.891857
0.174019    0.899602
0.175634    0.899450
0.166726    0.898737
0.159533    0.896712
0.160365    0.889837
0.160885    0.890997
0.162504    0.899295
0.168674    0.902834
0.165334    0.904370
0.161163    0.897574
0.161693    0.880447
0.165813    0.867081
0.163384    0.872382
0.162425    0.888301
0.163263    0.900395
0.155074    0.895841
0.156283    0.887325
0.160655    0.883434
0.160398    0.881933
0.157373    0.888447
0.157318    0.898078
0.159633    0.894782
0.152964    0.892138
0.154682    0.887589
0.160609    0.879623
0.163146    0.875258
0.168450    0.880358
0.173819    0.882488
0.169797    0.884141
0.162172    0.880536
0.153225    0.886522
0.141748    0.898116
0.150198    0.892352
0.161167    0.878866
0.170119    0.869247
0.178479    0.866113
0.180193    0.871608
0.179136    0.887097
0.166501    0.909870
0.158162    0.908228
0.153572    0.894855
0.159121    0.892010
0.166591    0.892400
0.175039    0.886492
0.170389    0.888000
0.172793    0.880678
0.160804    0.886016
0.165413    0.882572
0.172226    0.882052
0.173267    0.881686
0.175781    0.877769
0.174803    0.886679
0.164702    0.900807
0.164568    0.901053
0.158479    0.896734
0.149831    0.894166
0.146774    0.896457
0.162969    0.899964
0.186531    0.889589
0.185129    0.877429
0.173174    0.870522
0.155942    0.889911
0.150438    0.906213
0.152816    0.917537
0.159797    0.897688
0.164807    0.885853
0.163280    0.882454
0.155287    0.887195
0.155010    0.892659
0.172457    0.890934
0.176572    0.895994
0.169265    0.892033
0.162892    0.895787
0.162693    0.896958
0.169097    0.888452
0.165821    0.892826
0.167259    0.891006
0.170147    0.880048
0.160776    0.888421
0.152386    0.901881
0.176305    0.834310
0.300819    0.684579
0.476388    0.509210
0.644513    0.364319
0.759843    0.283722
0.841155    0.234609
0.906401    0.201076
0.970283    0.183868
1.002885    0.173045
1.000892    0.158432
0.971795    0.144632
0.934850    0.146084
0.896547    0.160935
0.874917    0.172079
0.854190    0.186729
0.858982    0.184649
0.885239    0.172520
0.910357    0.160920
0.927495    0.152787
0.938679    0.147849
0.961900    0.146492
0.962878    0.145727
0.937056    0.144875
0.927959    0.146521
0.903476    0.158502
0.898655    0.165292
0.908884    0.166473
0.948239    0.156849
0.976032    0.153667
0.978134    0.150841
0.965892    0.149482
0.925865    0.149852
0.881305    0.166332
0.839976    0.194576
0.858519    0.185706
0.871360    0.179840
0.923315    0.160432
0.935866    0.155396
0.921221    0.157428
0.906983    0.162494
0.906696    0.164536
0.933190    0.164709
0.919562    0.167382
0.935016    0.163875
0.957796    0.159160
0.968527    0.150951
0.956457    0.143357
0.921101    0.147770
0.890458    0.162286
0.886791    0.168699
0.895698    0.167263
0.948884    0.157743
0.976018    0.152505
0.970643    0.141656
0.932852    0.144621
0.892023    0.166811
0.862932    0.186662
0.839981    0.201890
0.823808    0.211900
0.827761    0.206606
0.865758    0.180726
0.916148    0.161687
0.954866    0.160170
0.976344    0.155465
0.978587    0.149166
0.964383    0.146844
0.958973    0.148561
0.965027    0.148869
0.932197    0.146986
0.907576    0.153147
0.902150    0.155249
0.925287    0.148588
0.958539    0.146086
0.981230    0.144184
0.968917    0.138678
0.974155    0.138364
0.972489    0.140102
0.945167    0.141892
0.900194    0.157190
0.898708    0.160087
0.878264    0.169237
0.869473    0.172774
0.882480    0.167441
0.902319    0.163040
0.881180    0.172815
0.853396    0.185697
0.820788    0.204415
0.807634    0.213803
0.824893    0.205207
0.867488    0.185492
0.898380    0.169888
0.900305    0.160745
0.882176    0.166299
0.840604    0.194242
0.817184    0.211177
0.823224    0.211500
0.823668    0.213712
0.870000    0.188538
0.931266    0.168798
0.940024    0.165847